Trajectory X:
 [[  0.          -0.0147395   -0.03830834  -0.06095908  -0.05177313
   -0.07774772  -0.12309383  -0.18544647  -0.22577232  -0.26211242
   -0.30258384  -0.344723    -0.41372134  -0.50154767  -0.62899441
   -0.8464044   -1.05193709  -1.18978524  -1.30622709  -1.41804319
   -1.55180454  -1.7096416   -1.90043978  -2.12783355  -2.36149743
   -2.59237819  -2.82355146  -3.01114963  -3.20605686  -3.42524092
   -3.70485734  -3.97262915  -4.27062169  -4.59727139  -4.97378184
   -5.37581045  -5.74382988  -6.1972912   -6.69977167  -7.16119418
   -7.6289249   -8.09221244  -8.55911297  -8.99502916  -9.34061118
   -9.75777451 -10.17401888 -10.5566305  -10.93154307 -11.3155959
  -11.65992656 -12.00194487]]
Trajectory Y:
 [[0.         0.00849704 0.00565962 0.01354199 0.01679762 0.02212647
  0.02650462 0.02732699 0.03191991 0.03250474 0.02837406 0.034186
  0.03435461 0.03561157 0.03381005 0.06050828 0.06967863 0.06816866
  0.06735662 0.06812254 0.07220422 0.08362295 0.09301355 0.10501439
  0.11598694 0.12128939 0.14003865 0.14819867 0.15931094 0.18221318
  0.20324844 0.21743299 0.23674372 0.25961913 0.27086807 0.29310967
  0.31507411 0.34124362 0.365994   0.36916615 0.39078756 0.41570833
  0.41287387 0.41932451 0.42657053 0.43169912 0.43975617 0.43883152
  0.44183378 0.45289372 0.44658354 0.45600938]]
Trajectory Z:
 [[ 0.          0.3265358   0.64902615  0.9762004   1.31528228  1.64846132
   2.00813269  2.36520542  2.70374957  3.04754322  3.39410254  3.73531422
   4.10363056  4.45234286  4.79324979  5.26373748  5.64849696  5.97351655
   6.31199759  6.66330742  7.02807305  7.376292    7.68668164  8.00807079
   8.33213337  8.66080294  9.04773098  9.40368391  9.75703014 10.12481729
  10.53541204 10.85787976 11.16073341 11.441472   11.73292563 11.96765555
  12.15920572 12.3189454  12.45449016 12.52512638 12.57511739 12.59798526
  12.59210679 12.59599148 12.6616     12.72562783 12.82278738 12.9628573
  13.13934136 13.36126139 13.59259721 13.8653704 ]]