Trajectory X:
 [[  0.          -0.19310827  -0.22455969  -0.14927106  -0.08180229
   -0.09361522  -0.11871628  -0.16957363  -0.20693001  -0.24094685
   -0.27611247  -0.33010512  -0.37175753  -0.43716282  -0.56795592
   -0.69755158  -0.8337005   -0.92883904  -1.02845765  -1.15817629
   -1.28760427  -1.44709965  -1.56033755  -1.76542515  -1.98150411
   -2.15067615  -2.35983645  -2.53440775  -2.74766078  -2.93149635
   -3.1710552   -3.39973641  -3.71959726  -4.06480023  -4.41098893
   -4.73963917  -5.14341636  -5.55569913  -6.05831379  -6.29182187
   -6.75567769  -7.20734017  -7.76988953  -8.19005421  -8.62991189
   -8.99705387  -9.33457309  -9.71561346 -10.07240365 -10.40015419
  -10.70725314 -11.05886529]]
Trajectory Y:
 [[ 0.          0.01417463  0.017065   -0.06604012 -0.14441079 -0.13580434
  -0.12974625 -0.11713361 -0.114022   -0.11736058 -0.11843715 -0.14259312
  -0.14149027 -0.1629529  -0.15274187 -0.1372026  -0.1353718  -0.1536397
  -0.17385468 -0.16989615 -0.16755209 -0.16109498 -0.19312094 -0.17438997
  -0.15949668 -0.17780271 -0.18802181 -0.1779163  -0.16145788 -0.18310319
  -0.16482957 -0.16405975 -0.14221017 -0.1093334  -0.09907316 -0.10109448
  -0.08969976 -0.08633459 -0.0540472  -0.07670608 -0.0712014  -0.04930389
  -0.0159334  -0.02422706 -0.02083562 -0.01735406 -0.02250247 -0.02025977
  -0.01864404 -0.0183659  -0.02334522 -0.01888439]]
Trajectory Z:
 [[ 0.          0.05306862  0.35972497  0.73328513  1.0827124   1.3997336
   1.70629832  2.0435035   2.36886275  2.68860466  3.01816779  3.34735144
   3.67665372  4.00387371  4.32492148  4.68606552  5.01440706  5.30796123
   5.58172158  5.94695645  6.29192343  6.63945799  6.80113737  7.12485047
   7.45532752  7.71951661  8.04605151  8.3740013   8.76646346  9.07769222
   9.4287216   9.7324746  10.05372132 10.34933486 10.58251535 10.75086314
  10.9127184  11.17908152 11.33103317 11.4377861  11.4935398  11.50943548
  11.54360336 11.53836219 11.53777503 11.60946474 11.77065773 11.91304776
  12.07518904 12.2565445  12.48665165 12.75657977]]